0 20
20 0
0 125
125 0
0 270
270 0
0 291
291 0
0 298
298 0
0 369
369 0
0 395
395 0
0 428
428 0
0 482
482 0
0 685
685 0
0 883
883 0
1 29
29 1
1 136
136 1
1 171
171 1
1 177
177 1
1 394
394 1
1 810
810 1
1 839
839 1
1 964
964 1
2 118
118 2
2 126
126 2
2 159
159 2
2 227
227 2
2 432
432 2
2 522
522 2
2 549
549 2
2 569
569 2
2 574
574 2
2 593
593 2
2 741
741 2
2 754
754 2
2 761
761 2
2 930
930 2
2 996
996 2
3 217
217 3
3 221
221 3
3 323
323 3
3 416
416 3
3 527
527 3
3 722
722 3
3 749
749 3
3 811
811 3
3 854
854 3
4 48
48 4
4 86
86 4
4 116
116 4
4 167
167 4
4 365
365 4
4 370
370 4
4 374
374 4
4 378
378 4
4 466
466 4
4 512
512 4
4 745
745 4
4 952
952 4
5 30
30 5
5 48
48 5
5 123
123 5
5 249
249 5
5 266
266 5
5 521
521 5
5 623
623 5
5 645
645 5
5 736
736 5
5 900
900 5
5 988
988 5
6 662
662 6
6 763
763 6
6 807
807 6
6 942
942 6
6 966
966 6
7 210
210 7
7 215
215 7
7 251
251 7
7 274
274 7
7 338
338 7
7 427
427 7
7 454
454 7
7 593
593 7
7 626
626 7
7 691
691 7
7 785
785 7
7 893
893 7
8 27
27 8
8 62
62 8
8 67
67 8
8 185
185 8
8 264
264 8
8 353
353 8
8 415
415 8
8 443
443 8
8 540
540 8
8 748
748 8
8 883
883 8
8 922
922 8
9 38
38 9
9 132
132 9
9 200
200 9
9 220
220 9
9 292
292 9
9 766
766 9
9 832
832 9
9 860
860 9
9 864
864 9
10 455
455 10
10 497
497 10
10 512
512 10
10 684
684 10
10 738
738 10
10 836
836 10
10 903
903 10
10 980
980 10
11 40
40 11
11 356
356 11
11 522
522 11
11 709
709 11
11 777
777 11
11 975
975 11
12 274
274 12
12 322
322 12
12 442
442 12
12 657
657 12
12 784
784 12
12 803
803 12
12 820
820 12
13 111
111 13
13 174
174 13
13 179
179 13
13 319
319 13
13 412
412 13
13 474
474 13
13 604
604 13
13 635
635 13
13 775
775 13
13 798
798 13
13 915
915 13
14 15
15 14
14 23
23 14
14 117
117 14
14 136
136 14
14 232
232 14
14 290
290 14
14 394
394 14
14 517
517 14
14 523
523 14
14 593
593 14
14 758
758 14
14 803
803 14
14 948
948 14
15 151
151 15
15 198
198 15
15 370
370 15
15 468
468 15
15 662
662 15
15 687
687 15
15 706
706 15
15 710
710 15
15 886
886 15
15 943
943 15
16 107
107 16
16 151
151 16
16 885
885 16
16 958
958 16
17 147
147 17
17 189
189 17
17 198
198 17
17 252
252 17
17 286
286 17
17 331
331 17
17 513
513 17
17 768
768 17
17 908
908 17
17 980
980 17
18 103
103 18
18 382
382 18
18 489
489 18
18 499
499 18
18 560
560 18
18 561
561 18
18 568
568 18
18 646
646 18
18 691
691 18
18 759
759 18
18 866
866 18
18 961
961 18
19 218
218 19
19 246
246 19
19 271
271 19
19 344
344 19
19 412
412 19
19 451
451 19
19 565
565 19
19 574
574 19
19 586
586 19
19 764
764 19
19 851
851 19
19 886
886 19
19 936
936 19
19 949
949 19
19 978
978 19
20 46
46 20
20 224
224 20
20 320
320 20
20 368
368 20
20 397
397 20
20 428
428 20
20 639
639 20
20 746
746 20
20 937
937 20
20 957
957 20
20 977
977 20
21 70
70 21
21 95
95 21
21 278
278 21
21 319
319 21
21 354
354 21
21 467
467 21
21 517
517 21
21 524
524 21
21 612
612 21
21 663
663 21
21 674
674 21
21 729
729 21
21 746
746 21
21 770
770 21
21 918
918 21
21 948
948 21
22 99
99 22
22 453
453 22
22 538
538 22
22 560
560 22
22 599
599 22
22 680
680 22
22 797
797 22
22 951
951 22
23 77
77 23
23 88
88 23
23 141
141 23
23 257
257 23
23 264
264 23
23 326
326 23
23 338
338 23
23 350
350 23
23 518
518 23
23 557
557 23
23 597
597 23
23 651
651 23
23 763
763 23
23 938
938 23
23 980
980 23
24 45
45 24
24 116
116 24
24 271
271 24
24 299
299 24
24 317
317 24
24 327
327 24
24 528
528 24
24 540
540 24
24 905
905 24
24 979
979 24
25 73
73 25
25 133
133 25
25 256
256 25
25 434
434 25
25 491
491 25
25 904
904 25
26 414
414 26
26 478
478 26
26 666
666 26
26 740
740 26
26 816
816 26
26 901
901 26
27 152
152 27
27 216
216 27
27 428
428 27
27 470
470 27
27 474
474 27
27 507
507 27
27 688
688 27
27 871
871 27
27 941
941 27
27 981
981 27
28 59
59 28
28 122
122 28
28 181
181 28
28 234
234 28
28 235
235 28
28 311
311 28
28 396
396 28
28 562
562 28
28 604
604 28
28 632
632 28
28 704
704 28
28 766
766 28
28 776
776 28
28 796
796 28
28 984
984 28
29 265
265 29
29 412
412 29
29 545
545 29
29 624
624 29
29 715
715 29
30 61
61 30
30 229
229 30
30 267
267 30
30 271
271 30
30 312
312 30
30 553
553 30
30 571
571 30
30 778
778 30
30 785
785 30
30 974
974 30
30 985
985 30
31 79
79 31
31 117
117 31
31 225
225 31
31 292
292 31
31 315
315 31
31 528
528 31
31 581
581 31
31 603
603 31
31 710
710 31
31 773
773 31
31 857
857 31
31 866
866 31
31 933
933 31
32 43
43 32
32 289
289 32
32 338
338 32
32 418
418 32
32 602
602 32
32 604
604 32
32 865
865 32
33 154
154 33
33 274
274 33
33 368
368 33
33 404
404 33
33 555
555 33
33 558
558 33
33 658
658 33
33 829
829 33
33 905
905 33
33 996
996 33
34 137
137 34
34 207
207 34
34 317
317 34
34 329
329 34
34 350
350 34
34 351
351 34
34 439
439 34
34 490
490 34
34 580
580 34
34 645
645 34
34 722
722 34
34 869
869 34
35 345
345 35
35 402
402 35
35 568
568 35
35 593
593 35
35 612
612 35
35 743
743 35
35 842
842 35
35 947
947 35
35 958
958 35
36 87
87 36
36 98
98 36
36 262
262 36
36 278
278 36
36 472
472 36
36 538
538 36
36 629
629 36
36 670
670 36
36 743
743 36
36 769
769 36
37 183
183 37
37 230
230 37
37 420
420 37
37 451
451 37
37 470
470 37
37 518
518 37
37 520
520 37
37 760
760 37
38 59
59 38
38 85
85 38
38 93
93 38
38 152
152 38
38 287
287 38
38 499
499 38
38 509
509 38
38 601
601 38
38 730
730 38
38 953
953 38
39 104
104 39
39 334
334 39
39 593
593 39
39 746
746 39
39 778
778 39
39 904
904 39
39 950
950 39
40 126
126 40
40 142
142 40
40 231
231 40
40 391
391 40
40 406
406 40
40 739
739 40
40 749
749 40
40 800
800 40
40 843
843 40
40 892
892 40
41 103
103 41
41 174
174 41
41 213
213 41
41 283
283 41
41 383
383 41
41 446
446 41
41 474
474 41
41 603
603 41
41 644
644 41
41 898
898 41
41 962
962 41
41 997
997 41
42 43
43 42
42 152
152 42
42 228
228 42
42 243
243 42
42 260
260 42
42 270
270 42
42 298
298 42
42 500
500 42
42 515
515 42
42 587
587 42
42 882
882 42
42 916
916 42
43 51
51 43
43 61
61 43
43 137
137 43
43 390
390 43
43 398
398 43
43 439
439 43
43 599
599 43
43 612
612 43
43 750
750 43
43 865
865 43
43 919
919 43
43 956
956 43
43 961
961 43
44 116
116 44
44 256
256 44
44 354
354 44
44 531
531 44
44 572
572 44
44 594
594 44
44 692
692 44
44 710
710 44
44 917
917 44
45 349
349 45
45 438
438 45
45 486
486 45
45 554
554 45
45 566
566 45
45 615
615 45
45 987
987 45
46 360
360 46
46 370
370 46
46 385
385 46
46 555
555 46
46 599
599 46
46 734
734 46
46 935
935 46
47 118
118 47
47 130
130 47
47 201
201 47
47 265
265 47
47 341
341 47
47 453
453 47
47 585
585 47
47 851
851 47
47 931
931 47
48 54
54 48
48 64
64 48
48 70
70 48
48 73
73 48
48 95
95 48
48 149
149 48
48 166
166 48
48 289
289 48
48 303
303 48
48 426
426 48
48 452
452 48
48 570
570 48
48 668
668 48
48 693
693 48
48 699
699 48
49 147
147 49
49 151
151 49
49 162
162 49
49 206
206 49
49 224
224 49
49 239
239 49
49 455
455 49
49 463
463 49
49 588
588 49
49 663
663 49
49 893
893 49
49 936
936 49
49 938
938 49
50 284
284 50
50 459
459 50
50 549
549 50
50 561
561 50
50 602
602 50
50 614
614 50
50 719
719 50
50 752
752 50
50 940
940 50
51 145
145 51
51 167
167 51
51 580
580 51
51 656
656 51
51 799
799 51
51 818
818 51
51 820
820 51
51 901
901 51
51 902
902 51
52 187
187 52
52 215
215 52
52 342
342 52
52 487
487 52
52 594
594 52
52 744
744 52
52 752
752 52
52 792
792 52
52 980
980 52
53 96
96 53
53 198
198 53
53 225
225 53
53 242
242 53
53 304
304 53
53 384
384 53
53 431
431 53
53 599
599 53
53 756
756 53
53 782
782 53
53 992
992 53
54 148
148 54
54 151
151 54
54 248
248 54
54 466
466 54
54 563
563 54
54 686
686 54
54 816
816 54
54 829
829 54
54 953
953 54
54 984
984 54
55 99
99 55
55 125
125 55
55 381
381 55
55 391
391 55
55 491
491 55
55 497
497 55
55 579
579 55
55 927
927 55
56 72
72 56
56 306
306 56
56 336
336 56
56 607
607 56
56 812
812 56
56 824
824 56
56 843
843 56
57 116
116 57
57 271
271 57
57 321
321 57
57 381
381 57
57 446
446 57
57 757
757 57
57 965
965 57
57 968
968 57
57 999
999 57
58 91
91 58
58 117
117 58
58 151
151 58
58 225
225 58
58 251
251 58
58 322
322 58
58 364
364 58
58 672
672 58
58 815
815 58
58 840
840 58
59 185
185 59
59 454
454 59
59 469
469 59
59 523
523 59
59 605
605 59
59 660
660 59
59 708
708 59
59 844
844 59
59 869
869 59
59 983
983 59
60 365
365 60
60 567
567 60
60 601
601 60
60 640
640 60
60 702
702 60
60 733
733 60
60 799
799 60
61 531
531 61
62 114
114 62
62 255
255 62
62 493
493 62
62 512
512 62
62 532
532 62
62 560
560 62
62 867
867 62
62 883
883 62
62 905
905 62
63 70
70 63
63 134
134 63
63 197
197 63
63 449
449 63
63 532
532 63
63 643
643 63
63 706
706 63
63 713
713 63
63 720
720 63
63 908
908 63
63 923
923 63
64 293
293 64
64 319
319 64
64 406
406 64
64 652
652 64
64 929
929 64
64 930
930 64
65 231
231 65
65 289
289 65
65 312
312 65
65 481
481 65
65 780
780 65
65 885
885 65
65 892
892 65
65 957
957 65
65 964
964 65
66 194
194 66
66 344
344 66
66 490
490 66
66 561
561 66
66 644
644 66
66 752
752 66
66 820
820 66
66 865
865 66
66 979
979 66
67 87
87 67
67 237
237 67
67 399
399 67
67 491
491 67
67 581
581 67
67 653
653 67
67 911
911 67
67 961
961 67
67 987
987 67
68 315
315 68
68 422
422 68
68 434
434 68
68 524
524 68
69 107
107 69
69 112
112 69
69 200
200 69
69 274
274 69
69 305
305 69
69 427
427 69
69 484
484 69
69 618
618 69
69 636
636 69
69 679
679 69
69 683
683 69
69 707
707 69
69 847
847 69
69 850
850 69
70 164
164 70
70 217
217 70
70 223
223 70
70 274
274 70
70 359
359 70
70 386
386 70
70 394
394 70
70 594
594 70
70 770
770 70
70 950
950 70
70 967
967 70
71 225
225 71
71 558
558 71
71 629
629 71
71 642
642 71
71 661
661 71
71 818
818 71
71 913
913 71
71 940
940 71
72 74
74 72
72 138
138 72
72 270
270 72
72 293
293 72
72 337
337 72
72 444
444 72
72 599
599 72
72 788
788 72
72 838
838 72
72 912
912 72
72 950
950 72
72 983
983 72
73 76
76 73
73 300
300 73
73 313
313 73
73 447
447 73
73 812
812 73
73 815
815 73
73 868
868 73
73 872
872 73
74 251
251 74
74 345
345 74
74 373
373 74
74 399
399 74
74 424
424 74
74 931
931 74
75 134
134 75
75 165
165 75
75 224
224 75
75 294
294 75
75 305
305 75
75 316
316 75
75 328
328 75
75 557
557 75
75 652
652 75
75 660
660 75
75 919
919 75
75 954
954 75
76 421
421 76
76 481
481 76
76 629
629 76
76 888
888 76
77 170
170 77
77 188
188 77
77 324
324 77
77 461
461 77
77 512
512 77
77 591
591 77
77 702
702 77
77 755
755 77
77 793
793 77
77 906
906 77
77 948
948 77
77 960
960 77
78 150
150 78
78 179
179 78
78 201
201 78
78 225
225 78
78 341
341 78
78 605
605 78
78 675
675 78
78 789
789 78
78 832
832 78
78 916
916 78
79 310
310 79
79 315
315 79
79 421
421 79
79 637
637 79
79 792
792 79
79 818
818 79
80 170
170 80
80 277
277 80
80 386
386 80
80 398
398 80
80 511
511 80
80 616
616 80
80 647
647 80
80 720
720 80
80 746
746 80
80 979
979 80
81 109
109 81
81 157
157 81
81 170
170 81
81 179
179 81
81 237
237 81
81 401
401 81
81 507
507 81
81 593
593 81
81 752
752 81
81 785
785 81
81 802
802 81
81 844
844 81
81 878
878 81
81 955
955 81
82 389
389 82
82 537
537 82
82 584
584 82
82 835
835 82
82 928
928 82
82 968
968 82
83 96
96 83
83 194
194 83
83 217
217 83
83 238
238 83
83 257
257 83
83 288
288 83
83 367
367 83
83 450
450 83
83 489
489 83
83 534
534 83
83 587
587 83
83 603
603 83
83 644
644 83
83 680
680 83
83 742
742 83
83 998
998 83
84 211
211 84
84 297
297 84
84 387
387 84
84 511
511 84
84 552
552 84
84 661
661 84
84 727
727 84
84 892
892 84
84 958
958 84
84 959
959 84
85 132
132 85
85 255
255 85
85 425
425 85
85 513
513 85
85 635
635 85
85 717
717 85
85 799
799 85
85 923
923 85
85 959
959 85
85 981
981 85
86 422
422 86
86 749
749 86
87 222
222 87
87 517
517 87
87 524
524 87
87 625
625 87
87 856
856 87
87 857
857 87
87 970
970 87
88 117
117 88
88 238
238 88
88 361
361 88
88 515
515 88
88 631
631 88
88 654
654 88
88 834
834 88
88 960
960 88
89 285
285 89
89 304
304 89
89 380
380 89
89 401
401 89
89 432
432 89
89 507
507 89
89 571
571 89
89 598
598 89
89 914
914 89
89 937
937 89
90 267
267 90
90 426
426 90
90 687
687 90
90 736
736 90
90 790
790 90
90 836
836 90
90 965
965 90
91 207
207 91
91 244
244 91
91 305
305 91
91 307
307 91
91 438
438 91
91 488
488 91
91 492
492 91
91 841
841 91
92 121
121 92
92 202
202 92
92 205
205 92
92 410
410 92
92 537
537 92
92 932
932 92
93 144
144 93
93 219
219 93
93 222
222 93
93 409
409 93
93 585
585 93
93 591
591 93
93 602
602 93
93 653
653 93
93 672
672 93
93 733
733 93
93 853
853 93
93 880
880 93
93 972
972 93
94 118
118 94
94 273
273 94
94 300
300 94
94 303
303 94
94 321
321 94
94 337
337 94
94 367
367 94
94 454
454 94
94 593
593 94
94 626
626 94
94 659
659 94
94 744
744 94
94 761
761 94
94 772
772 94
94 825
825 94
94 863
863 94
95 104
104 95
95 309
309 95
95 365
365 95
95 488
488 95
95 505
505 95
95 655
655 95
95 673
673 95
95 848
848 95
95 879
879 95
95 936
936 95
96 258
258 96
96 334
334 96
96 364
364 96
96 837
837 96
97 183
183 97
97 294
294 97
97 323
323 97
97 397
397 97
97 517
517 97
97 679
679 97
97 737
737 97
97 972
972 97
98 119
119 98
98 220
220 98
98 496
496 98
98 609
609 98
98 707
707 98
98 822
822 98
98 852
852 98
98 876
876 98
98 952
952 98
99 219
219 99
99 274
274 99
99 303
303 99
99 335
335 99
99 341
341 99
99 477
477 99
99 772
772 99
99 825
825 99
99 918
918 99
100 153
153 100
100 395
395 100
100 506
506 100
100 507
507 100
100 526
526 100
100 618
618 100
100 670
670 100
100 715
715 100
100 867
867 100
100 872
872 100
100 885
885 100
101 105
105 101
101 207
207 101
101 208
208 101
101 221
221 101
101 279
279 101
101 298
298 101
101 369
369 101
101 447
447 101
101 502
502 101
101 635
635 101
101 708
708 101
102 195
195 102
102 279
279 102
102 338
338 102
102 401
401 102
102 479
479 102
102 906
906 102
103 123
123 103
103 136
136 103
103 176
176 103
103 210
210 103
103 250
250 103
103 322
322 103
103 340
340 103
103 354
354 103
103 427
427 103
103 546
546 103
103 625
625 103
103 759
759 103
103 943
943 103
104 114
114 104
104 289
289 104
104 372
372 104
104 457
457 104
104 487
487 104
104 543
543 104
104 717
717 104
104 770
770 104
104 827
827 104
104 893
893 104
104 897
897 104
105 163
163 105
105 305
305 105
105 523
523 105
105 614
614 105
105 784
784 105
106 159
159 106
106 197
197 106
106 422
422 106
106 527
527 106
106 553
553 106
106 674
674 106
106 863
863 106
106 938
938 106
106 939
939 106
107 175
175 107
107 181
181 107
107 268
268 107
107 287
287 107
107 335
335 107
107 403
403 107
107 734
734 107
107 754
754 107
107 845
845 107
107 890
890 107
107 925
925 107
107 945
945 107
107 973
973 107
108 132
132 108
108 150
150 108
108 196
196 108
108 256
256 108
108 556
556 108
108 582
582 108
108 614
614 108
108 622
622 108
108 879
879 108
109 118
118 109
109 127
127 109
109 154
154 109
109 279
279 109
109 718
718 109
109 794
794 109
109 858
858 109
110 505
505 110
110 525
525 110
110 610
610 110
110 721
721 110
110 790
790 110
111 129
129 111
111 198
198 111
111 225
225 111
111 419
419 111
111 580
580 111
111 676
676 111
111 678
678 111
111 777
777 111
111 855
855 111
111 931
931 111
112 343
343 112
112 408
408 112
112 449
449 112
112 590
590 112
112 705
705 112
112 788
788 112
112 794
794 112
112 807
807 112
112 825
825 112
113 424
424 113
113 581
581 113
113 725
725 113
113 752
752 113
113 760
760 113
113 997
997 113
114 258
258 114
114 636
636 114
114 659
659 114
114 803
803 114
114 886
886 114
115 553
553 115
115 730
730 115
115 765
765 115
115 841
841 115
116 190
190 116
116 309
309 116
116 344
344 116
116 519
519 116
116 669
669 116
116 670
670 116
116 830
830 116
117 145
145 117
117 365
365 117
117 463
463 117
117 558
558 117
117 685
685 117
117 691
691 117
117 962
962 117
117 971
971 117
118 182
182 118
118 661
661 118
118 776
776 118
118 857
857 118
118 899
899 118
119 192
192 119
119 393
393 119
119 508
508 119
119 625
625 119
119 705
705 119
119 712
712 119
119 799
799 119
119 870
870 119
120 173
173 120
120 263
263 120
120 394
394 120
120 562
562 120
120 563
563 120
120 618
618 120
120 692
692 120
120 740
740 120
120 860
860 120
120 965
965 120
120 981
981 120
121 123
123 121
121 240
240 121
121 246
246 121
121 254
254 121
121 394
394 121
121 516
516 121
121 577
577 121
121 581
581 121
121 697
697 121
121 785
785 121
121 925
925 121
121 994
994 121
122 148
148 122
122 227
227 122
122 267
267 122
122 392
392 122
122 404
404 122
122 476
476 122
122 688
688 122
122 718
718 122
122 786
786 122
122 842
842 122
122 944
944 122
123 353
353 123
123 439
439 123
123 452
452 123
123 602
602 123
123 626
626 123
123 640
640 123
123 685
685 123
123 689
689 123
123 849
849 123
123 860
860 123
123 986
986 123
124 170
170 124
124 284
284 124
124 551
551 124
124 663
663 124
124 894
894 124
125 203
203 125
125 204
204 125
125 450
450 125
125 555
555 125
125 643
643 125
125 696
696 125
125 874
874 125
125 891
891 125
125 966
966 125
126 130
130 126
126 159
159 126
126 216
216 126
126 283
283 126
126 305
305 126
126 625
625 126
126 634
634 126
126 710
710 126
126 778
778 126
126 862
862 126
127 492
492 127
127 499
499 127
127 587
587 127
127 604
604 127
127 788
788 127
128 241
241 128
128 364
364 128
128 420
420 128
128 616
616 128
128 872
872 128
129 143
143 129
129 184
184 129
129 195
195 129
129 268
268 129
129 285
285 129
129 291
291 129
129 328
328 129
129 390
390 129
129 715
715 129
129 788
788 129
129 953
953 129
130 162
162 130
130 193
193 130
130 275
275 130
130 327
327 130
130 343
343 130
130 391
391 130
130 472
472 130
130 511
511 130
130 578
578 130
130 718
718 130
130 983
983 130
131 179
179 131
131 231
231 131
131 251
251 131
131 369
369 131
131 628
628 131
132 507
507 132
132 599
599 132
132 617
617 132
132 692
692 132
132 729
729 132
132 815
815 132
132 872
872 132
132 894
894 132
132 952
952 132
133 240
240 133
133 265
265 133
133 334
334 133
133 372
372 133
133 805
805 133
133 820
820 133
134 262
262 134
134 357
357 134
134 387
387 134
134 506
506 134
134 573
573 134
134 666
666 134
134 884
884 134
134 900
900 134
134 988
988 134
135 235
235 135
135 246
246 135
135 399
399 135
135 412
412 135
135 715
715 135
135 933
933 135
135 998
998 135
136 153
153 136
136 399
399 136
136 410
410 136
136 478
478 136
136 530
530 136
136 635
635 136
136 696
696 136
136 737
737 136
136 763
763 136
136 774
774 136
136 870
870 136
137 144
144 137
137 232
232 137
137 251
251 137
137 361
361 137
137 404
404 137
137 821
821 137
138 151
151 138
138 749
749 138
138 951
951 138
139 150
150 139
139 171
171 139
139 248
248 139
139 279
279 139
139 298
298 139
139 473
473 139
139 668
668 139
139 859
859 139
139 962
962 139
140 412
412 140
140 591
591 140
140 712
712 140
140 905
905 140
140 960
960 140
141 293
293 141
141 388
388 141
141 465
465 141
141 467
467 141
141 503
503 141
141 554
554 141
141 590
590 141
141 627
627 141
141 755
755 141
142 249
249 142
142 269
269 142
142 356
356 142
142 510
510 142
142 560
560 142
142 564
564 142
142 793
793 142
142 819
819 142
142 850
850 142
142 856
856 142
143 168
168 143
143 195
195 143
143 314
314 143
143 367
367 143
143 424
424 143
143 460
460 143
143 580
580 143
143 598
598 143
143 724
724 143
143 811
811 143
143 891
891 143
144 242
242 144
144 429
429 144
144 602
602 144
144 689
689 144
145 173
173 145
145 352
352 145
145 416
416 145
145 428
428 145
145 438
438 145
145 461
461 145
145 567
567 145
145 620
620 145
145 793
793 145
145 894
894 145
145 930
930 145
146 179
179 146
146 232
232 146
146 326
326 146
146 338
338 146
146 397
397 146
146 544
544 146
146 551
551 146
146 554
554 146
146 573
573 146
146 714
714 146
146 856
856 146
146 905
905 146
146 923
923 146
147 504
504 147
147 569
569 147
147 615
615 147
147 664
664 147
147 945
945 147
148 235
235 148
148 393
393 148
148 648
648 148
148 726
726 148
148 775
775 148
148 780
780 148
148 930
930 148
148 994
994 148
149 222
222 149
149 250
250 149
149 349
349 149
149 430
430 149
149 431
431 149
149 548
548 149
149 596
596 149
149 639
639 149
149 649
649 149
149 790
790 149
149 805
805 149
149 874
874 149
149 916
916 149
149 927
927 149
150 246
246 150
150 542
542 150
150 630
630 150
150 661
661 150
150 834
834 150
150 839
839 150
151 186
186 151
151 206
206 151
151 209
209 151
151 249
249 151
151 421
421 151
151 459
459 151
151 466
466 151
151 523
523 151
151 584
584 151
151 666
666 151
151 725
725 151
151 785
785 151
151 830
830 151
152 220
220 152
152 453
453 152
152 538
538 152
152 645
645 152
152 663
663 152
152 955
955 152
153 278
278 153
153 339
339 153
153 518
518 153
153 539
539 153
153 690
690 153
153 889
889 153
154 336
336 154
154 362
362 154
154 537
537 154
154 704
704 154
154 817
817 154
154 859
859 154
154 924
924 154
155 156
156 155
155 268
268 155
155 424
424 155
155 428
428 155
155 457
457 155
155 524
524 155
155 626
626 155
155 786
786 155
155 791
791 155
155 892
892 155
156 301
301 156
156 418
418 156
156 610
610 156
156 620
620 156
156 656
656 156
156 749
749 156
156 759
759 156
156 872
872 156
156 873
873 156
156 883
883 156
157 247
247 157
157 496
496 157
157 691
691 157
157 752
752 157
157 779
779 157
157 881
881 157
157 995
995 157
158 297
297 158
158 313
313 158
158 405
405 158
158 603
603 158
158 818
818 158
158 924
924 158
159 201
201 159
159 423
423 159
159 454
454 159
159 611
611 159
159 792
792 159
159 807
807 159
159 871
871 159
159 966
966 159
160 345
345 160
160 650
650 160
160 663
663 160
160 715
715 160
160 910
910 160
160 944
944 160
161 330
330 161
161 406
406 161
161 412
412 161
161 503
503 161
161 524
524 161
161 569
569 161
161 583
583 161
161 687
687 161
161 705
705 161
161 851
851 161
162 190
190 162
162 196
196 162
162 334
334 162
162 379
379 162
162 734
734 162
162 768
768 162
162 781
781 162
162 790
790 162
162 958
958 162
163 255
255 163
163 288
288 163
163 290
290 163
163 385
385 163
163 488
488 163
163 533
533 163
163 572
572 163
163 962
962 163
164 377
377 164
164 448
448 164
164 593
593 164
164 667
667 164
164 684
684 164
164 695
695 164
164 784
784 164
165 214
214 165
165 322
322 165
165 341
341 165
165 389
389 165
165 587
587 165
165 685
685 165
165 706
706 165
165 768
768 165
165 771
771 165
165 872
872 165
165 887
887 165
165 901
901 165
165 924
924 165
166 208
208 166
166 225
225 166
166 281
281 166
166 458
458 166
166 479
479 166
166 607
607 166
166 682
682 166
166 722
722 166
166 781
781 166
166 843
843 166
166 869
869 166
166 960
960 166
166 984
984 166
167 228
228 167
167 283
283 167
167 292
292 167
167 319
319 167
167 327
327 167
167 460
460 167
167 490
490 167
167 926
926 167
168 192
192 168
168 249
249 168
168 287
287 168
168 410
410 168
168 442
442 168
168 488
488 168
168 728
728 168
168 744
744 168
168 772
772 168
169 348
348 169
169 469
469 169
169 555
555 169
169 637
637 169
169 653
653 169
169 705
705 169
169 738
738 169
170 217
217 170
170 383
383 170
170 757
757 170
170 804
804 170
170 806
806 170
170 986
986 170
171 214
214 171
171 490
490 171
171 668
668 171
171 807
807 171
171 975
975 171
171 982
982 171
172 313
313 172
172 346
346 172
172 363
363 172
172 379
379 172
172 397
397 172
172 406
406 172
172 490
490 172
172 634
634 172
172 688
688 172
172 919
919 172
172 975
975 172
173 276
276 173
173 329
329 173
173 366
366 173
173 643
643 173
173 708
708 173
174 189
189 174
174 341
341 174
174 489
489 174
174 752
752 174
174 808
808 174
174 823
823 174
174 920
920 174
175 183
183 175
175 202
202 175
175 327
327 175
175 346
346 175
175 432
432 175
175 724
724 175
175 986
986 175
176 259
259 176
176 390
390 176
176 395
395 176
176 473
473 176
176 520
520 176
176 594
594 176
176 634
634 176
176 637
637 176
176 722
722 176
177 273
273 177
177 391
391 177
177 396
396 177
177 692
692 177
177 792
792 177
177 870
870 177
177 992
992 177
178 260
260 178
178 345
345 178
178 381
381 178
178 388
388 178
178 420
420 178
178 432
432 178
178 814
814 178
179 186
186 179
179 188
188 179
179 290
290 179
179 348
348 179
179 352
352 179
179 514
514 179
179 729
729 179
179 744
744 179
179 803
803 179
179 870
870 179
180 348
348 180
180 397
397 180
180 446
446 180
180 447
447 180
180 464
464 180
180 465
465 180
180 530
530 180
180 742
742 180
180 808
808 180
180 833
833 180
180 951
951 180
180 952
952 180
181 279
279 181
181 400
400 181
181 509
509 181
181 636
636 181
181 707
707 181
181 723
723 181
181 725
725 181
181 786
786 181
181 787
787 181
181 803
803 181
181 883
883 181
181 940
940 181
182 418
418 182
182 478
478 182
182 727
727 182
182 952
952 182
183 190
190 183
183 244
244 183
183 394
394 183
183 417
417 183
183 575
575 183
183 614
614 183
183 621
621 183
183 740
740 183
184 230
230 184
184 252
252 184
184 410
410 184
184 571
571 184
184 576
576 184
184 658
658 184
184 900
900 184
185 239
239 185
185 335
335 185
185 601
601 185
185 647
647 185
185 772
772 185
186 209
209 186
186 278
278 186
186 282
282 186
186 479
479 186
186 527
527 186
186 576
576 186
186 637
637 186
186 748
748 186
186 749
749 186
186 881
881 186
187 262
262 187
187 314
314 187
187 339
339 187
187 347
347 187
187 519
519 187
187 560
560 187
187 628
628 187
187 656
656 187
187 661
661 187
187 753
753 187
187 966
966 187
187 968
968 187
188 220
220 188
188 245
245 188
188 299
299 188
188 603
603 188
188 632
632 188
189 476
476 189
189 782
782 189
189 794
794 189
190 249
249 190
190 383
383 190
190 415
415 190
190 434
434 190
190 629
629 190
190 675
675 190
190 685
685 190
190 697
697 190
190 858
858 190
191 234
234 191
191 244
244 191
191 303
303 191
191 340
340 191
191 437
437 191
191 442
442 191
191 500
500 191
191 581
581 191
191 663
663 191
191 740
740 191
191 747
747 191
191 851
851 191
191 917
917 191
192 222
222 192
192 307
307 192
192 470
470 192
192 531
531 192
192 558
558 192
192 563
563 192
192 580
580 192
192 876
876 192
192 958
958 192
192 961
961 192
193 483
483 193
193 492
492 193
193 503
503 193
193 621
621 193
193 754
754 193
193 791
791 193
193 877
877 193
193 900
900 193
193 932
932 193
193 973
973 193
194 217
217 194
194 264
264 194
194 347
347 194
194 354
354 194
194 486
486 194
194 545
545 194
194 559
559 194
194 808
808 194
194 883
883 194
194 889
889 194
194 953
953 194
195 287
287 195
195 313
313 195
195 344
344 195
195 348
348 195
195 381
381 195
195 474
474 195
195 685
685 195
195 706
706 195
196 459
459 196
196 691
691 196
196 768
768 196
196 887
887 196
197 646
646 197
197 725
725 197
197 923
923 197
197 986
986 197
198 246
246 198
198 302
302 198
198 325
325 198
198 349
349 198
198 392
392 198
198 598
598 198
198 984
984 198
199 389
389 199
199 449
449 199
199 467
467 199
199 490
490 199
199 549
549 199
199 569
569 199
199 586
586 199
199 666
666 199
199 704
704 199
199 816
816 199
200 209
209 200
200 278
278 200
200 488
488 200
200 539
539 200
200 584
584 200
200 608
608 200
200 673
673 200
200 895
895 200
200 904
904 200
200 916
916 200
201 342
342 201
201 374
374 201
201 513
513 201
201 750
750 201
201 751
751 201
201 885
885 201
201 886
886 201
201 984
984 201
202 204
204 202
202 261
261 202
202 378
378 202
202 518
518 202
202 745
745 202
202 758
758 202
202 910
910 202
202 951
951 202
203 211
211 203
203 374
374 203
203 546
546 203
203 562
562 203
203 688
688 203
203 693
693 203
203 889
889 203
204 264
264 204
204 457
457 204
204 473
473 204
204 596
596 204
204 681
681 204
204 921
921 204
205 335
335 205
205 594
594 205
205 730
730 205
205 779
779 205
206 213
213 206
206 260
260 206
206 395
395 206
206 412
412 206
206 496
496 206
206 576
576 206
206 580
580 206
206 691
691 206
206 780
780 206
206 949
949 206
207 208
208 207
207 416
416 207
207 455
455 207
207 550
550 207
207 560
560 207
207 711
711 207
207 844
844 207
207 963
963 207
208 261
261 208
208 274
274 208
208 330
330 208
208 373
373 208
208 588
588 208
208 799
799 208
209 480
480 209
209 494
494 209
209 572
572 209
209 577
577 209
209 591
591 209
209 782
782 209
209 837
837 209
209 925
925 209
210 338
338 210
210 347
347 210
210 459
459 210
210 624
624 210
210 678
678 210
210 783
783 210
210 900
900 210
210 971
971 210
211 236
236 211
211 309
309 211
211 520
520 211
211 573
573 211
211 711
711 211
211 956
956 211
212 272
272 212
212 292
292 212
212 399
399 212
212 440
440 212
212 441
441 212
212 481
481 212
212 692
692 212
212 973
973 212
212 998
998 212
213 309
309 213
213 814
814 213
213 865
865 213
214 225
225 214
214 313
313 214
214 366
366 214
214 438
438 214
214 479
479 214
214 616
616 214
214 697
697 214
214 784
784 214
214 816
816 214
214 853
853 214
214 908
908 214
215 673
673 215
215 708
708 215
215 716
716 215
215 768
768 215
215 857
857 215
215 881
881 215
215 945
945 215
215 961
961 215
216 247
247 216
216 285
285 216
216 377
377 216
216 385
385 216
216 626
626 216
216 645
645 216
216 708
708 216
216 911
911 216
216 941
941 216
217 281
281 217
217 364
364 217
217 442
442 217
217 611
611 217
217 763
763 217
217 896
896 217
218 304
304 218
218 355
355 218
218 588
588 218
218 877
877 218
219 243
243 219
219 313
313 219
219 334
334 219
219 417
417 219
219 672
672 219
219 692
692 219
219 739
739 219
219 866
866 219
219 880
880 219
220 305
305 220
220 425
425 220
220 705
705 220
220 982
982 220
221 268
268 221
221 361
361 221
221 396
396 221
221 529
529 221
221 548
548 221
221 629
629 221
221 640
640 221
221 898
898 221
222 223
223 222
222 341
341 222
222 574
574 222
222 801
801 222
222 859
859 222
222 871
871 222
222 900
900 222
222 907
907 222
222 917
917 222
222 952
952 222
222 961
961 222
222 998
998 222
223 329
329 223
223 369
369 223
223 385
385 223
223 410
410 223
223 754
754 223
223 895
895 223
223 899
899 223
223 980
980 223
224 249
249 224
224 304
304 224
224 316
316 224
224 346
346 224
224 493
493 224
224 514
514 224
224 925
925 224
225 674
674 225
225 890
890 225
225 959
959 225
225 966
966 225
226 291
291 226
226 292
292 226
226 320
320 226
226 379
379 226
226 685
685 226
226 744
744 226
226 749
749 226
226 795
795 226
226 806
806 226
226 828
828 226
226 914
914 226
226 944
944 226
226 970
970 226
227 237
237 227
227 284
284 227
227 290
290 227
227 398
398 227
227 452
452 227
227 483
483 227
227 658
658 227
227 760
760 227
227 776
776 227
227 819
819 227
227 826
826 227
227 870
870 227
227 966
966 227
227 975
975 227
227 990
990 227
228 298
298 228
228 302
302 228
228 432
432 228
228 436
436 228
228 577
577 228
228 683
683 228
228 721
721 228
228 786
786 228
228 827
827 228
228 875
875 228
228 919
919 228
229 355
355 229
229 415
415 229
229 474
474 229
229 526
526 229
229 543
543 229
229 693
693 229
229 750
750 229
229 832
832 229
229 974
974 229
230 363
363 230
230 526
526 230
230 695
695 230
230 956
956 230
231 276
276 231
231 387
387 231
231 389
389 231
231 421
421 231
231 429
429 231
231 436
436 231
231 449
449 231
231 805
805 231
232 496
496 232
232 560
560 232
232 660
660 232
232 741
741 232
233 332
332 233
233 418
418 233
233 457
457 233
233 566
566 233
233 682
682 233
233 914
914 233
234 314
314 234
234 384
384 234
234 549
549 234
234 699
699 234
234 789
789 234
234 853
853 234
234 918
918 234
234 979
979 234
235 259
259 235
235 329
329 235
235 435
435 235
235 522
522 235
235 545
545 235
235 652
652 235
235 801
801 235
235 807
807 235
235 852
852 235
236 453
453 236
236 498
498 236
236 598
598 236
236 708
708 236
236 763
763 236
236 835
835 236
237 384
384 237
237 394
394 237
237 474
474 237
237 510
510 237
237 536
536 237
237 605
605 237
237 692
692 237
237 735
735 237
237 766
766 237
237 795
795 237
238 281
281 238
238 314
314 238
238 327
327 238
238 380
380 238
238 457
457 238
238 547
547 238
238 608
608 238
238 979
979 238
239 314
314 239
239 323
323 239
239 599
599 239
239 703
703 239
239 792
792 239
240 409
409 240
240 484
484 240
240 503
503 240
240 506
506 240
240 611
611 240
240 886
886 240
240 905
905 240
240 959
959 240
241 259
259 241
241 460
460 241
241 481
481 241
241 493
493 241
241 682
682 241
241 765
765 241
241 853
853 241
242 316
316 242
242 319
319 242
242 391
391 242
242 431
431 242
242 457
457 242
242 478
478 242
242 513
513 242
242 716
716 242
242 737
737 242
242 997
997 242
243 300
300 243
243 388
388 243
243 430
430 243
243 498
498 243
243 569
569 243
243 600
600 243
243 616
616 243
243 706
706 243
243 749
749 243
243 798
798 243
243 927
927 243
244 515
515 244
244 631
631 244
244 637
637 244
244 717
717 244
244 845
845 244
244 850
850 244
244 919
919 244
245 340
340 245
245 464
464 245
245 570
570 245
245 574
574 245
245 666
666 245
245 713
713 245
245 755
755 245
245 915
915 245
246 283
283 246
246 614
614 246
246 708
708 246
246 734
734 246
246 893
893 246
246 901
901 246
247 280
280 247
247 415
415 247
247 466
466 247
247 629
629 247
247 698
698 247
247 820
820 247
248 324
324 248
248 346
346 248
248 416
416 248
248 691
691 248
248 733
733 248
248 776
776 248
248 794
794 248
248 837
837 248
248 889
889 248
248 898
898 248
249 353
353 249
249 506
506 249
249 532
532 249
249 615
615 249
249 638
638 249
249 751
751 249
250 294
294 250
250 312
312 250
250 372
372 250
250 579
579 250
250 591
591 250
250 616
616 250
250 654
654 250
250 661
661 250
250 767
767 250
250 779
779 250
250 801
801 250
250 828
828 250
250 996
996 250
251 354
354 251
251 501
501 251
251 923
923 251
251 952
952 251
252 316
316 252
252 357
357 252
252 378
378 252
252 383
383 252
252 481
481 252
252 529
529 252
252 636
636 252
252 670
670 252
252 725
725 252
252 803
803 252
252 932
932 252
253 269
269 253
253 324
324 253
253 578
578 253
253 595
595 253
253 604
604 253
253 688
688 253
253 726
726 253
253 792
792 253
253 832
832 253
253 900
900 253
253 981
981 253
253 984
984 253
254 326
326 254
254 350
350 254
254 366
366 254
254 421
421 254
254 512
512 254
254 540
540 254
254 579
579 254
254 790
790 254
254 959
959 254
254 985
985 254
255 409
409 255
255 411
411 255
255 415
415 255
255 477
477 255
255 676
676 255
255 815
815 255
255 913
913 255
256 291
291 256
256 298
298 256
256 300
300 256
256 381
381 256
256 443
443 256
256 459
459 256
256 482
482 256
256 528
528 256
256 576
576 256
256 624
624 256
256 659
659 256
257 273
273 257
257 386
386 257
257 431
431 257
257 571
571 257
257 606
606 257
257 715
715 257
257 883
883 257
257 957
957 257
257 967
967 257
258 354
354 258
258 608
608 258
258 682
682 258
258 712
712 258
259 350
350 259
259 372
372 259
259 381
381 259
259 423
423 259
259 430
430 259
259 452
452 259
259 465
465 259
259 581
581 259
259 801
801 259
259 862
862 259
259 896
896 259
259 912
912 259
259 915
915 259
260 496
496 260
260 590
590 260
260 805
805 260
260 873
873 260
260 987
987 260
261 479
479 261
261 547
547 261
261 571
571 261
261 639
639 261
261 690
690 261
261 801
801 261
261 805
805 261
261 836
836 261
261 887
887 261
261 891
891 261
261 989
989 261
262 527
527 262
262 724
724 262
262 783
783 262
262 809
809 262
263 428
428 263
263 524
524 263
263 543
543 263
263 571
571 263
263 584
584 263
263 611
611 263
264 274
274 264
264 304
304 264
264 358
358 264
264 394
394 264
264 639
639 264
264 834
834 264
264 960
960 264
265 269
269 265
265 574
574 265
265 583
583 265
265 640
640 265
265 712
712 265
265 774
774 265
265 869
869 265
265 973
973 265
266 351
351 266
266 353
353 266
266 458
458 266
266 485
485 266
266 581
581 266
266 713
713 266
266 715
715 266
266 903
903 266
266 993
993 266
267 720
720 267
267 809
809 267
268 476
476 268
268 661
661 268
268 745
745 268
268 788
788 268
268 810
810 268
268 820
820 268
268 838
838 268
268 885
885 268
268 961
961 268
268 975
975 268
268 999
999 268
269 307
307 269
269 480
480 269
269 555
555 269
269 625
625 269
269 644
644 269
269 716
716 269
269 937
937 269
269 994
994 269
269 999
999 269
270 338
338 270
270 470
470 270
270 727
727 270
271 296
296 271
271 330
330 271
271 409
409 271
271 611
611 271
271 658
658 271
271 845
845 271
271 847
847 271
272 320
320 272
272 360
360 272
272 376
376 272
272 433
433 272
272 455
455 272
272 477
477 272
272 596
596 272
272 646
646 272
272 722
722 272
272 874
874 272
272 894
894 272
272 934
934 272
272 950
950 272
272 971
971 272
273 846
846 273
273 902
902 273
274 411
411 274
274 439
439 274
274 537
537 274
274 572
572 274
274 577
577 274
274 748
748 274
274 856
856 274
274 869
869 274
274 886
886 274
275 491
491 275
275 494
494 275
275 507
507 275
275 567
567 275
275 658
658 275
275 730
730 275
275 811
811 275
275 874
874 275
275 892
892 275
275 956
956 275
276 417
417 276
276 440
440 276
276 478
478 276
276 575
575 276
276 735
735 276
276 814
814 276
276 818
818 276
276 843
843 276
276 914
914 276
276 997
997 276
277 313
313 277
277 373
373 277
277 376
376 277
277 405
405 277
277 427
427 277
277 448
448 277
277 494
494 277
277 500
500 277
277 536
536 277
277 540
540 277
277 702
702 277
277 946
946 277
278 328
328 278
278 388
388 278
278 410
410 278
278 586
586 278
278 642
642 278
278 869
869 278
278 974
974 278
279 303
303 279
279 348
348 279
279 466
466 279
279 562
562 279
279 687
687 279
279 740
740 279
279 859
859 279
279 938
938 279
280 610
610 280
280 675
675 280
280 704
704 280
280 872
872 280
280 959
959 280
281 424
424 281
281 593
593 281
281 753
753 281
281 867
867 281
282 612
612 282
282 646
646 282
282 763
763 282
282 819
819 282
282 867
867 282
282 881
881 282
282 947
947 282
283 320
320 283
283 486
486 283
283 571
571 283
283 583
583 283
283 778
778 283
283 872
872 283
283 926
926 283
283 985
985 283
284 341
341 284
284 357
357 284
284 442
442 284
284 456
456 284
284 475
475 284
284 585
585 284
284 591
591 284
284 600
600 284
284 768
768 284
284 873
873 284
284 877
877 284
284 965
965 284
284 992
992 284
285 311
311 285
285 350
350 285
285 480
480 285
285 513
513 285
285 547
547 285
285 582
582 285
285 585
585 285
285 635
635 285
285 715
715 285
285 837
837 285
285 888
888 285
285 944
944 285
285 981
981 285
285 984
984 285
286 341
341 286
286 591
591 286
286 650
650 286
286 806
806 286
286 852
852 286
286 887
887 286
287 309
309 287
287 596
596 287
287 656
656 287
287 689
689 287
287 752
752 287
287 836
836 287
287 929
929 287
288 333
333 288
288 404
404 288
288 657
657 288
288 761
761 288
288 880
880 288
289 343
343 289
289 368
368 289
289 491
491 289
289 550
550 289
289 656
656 289
289 885
885 289
289 942
942 289
290 330
330 290
290 835
835 290
290 852
852 290
291 527
527 291
291 542
542 291
291 576
576 291
291 736
736 291
291 759
759 291
291 871
871 291
291 872
872 291
291 934
934 291
291 938
938 291
291 940
940 291
291 942
942 291
291 962
962 291
291 963
963 291
292 314
314 292
292 345
345 292
292 355
355 292
292 388
388 292
292 424
424 292
292 429
429 292
292 531
531 292
292 628
628 292
292 691
691 292
293 296
296 293
293 394
394 293
293 457
457 293
293 462
462 293
293 496
496 293
293 605
605 293
293 909
909 293
294 303
303 294
294 517
517 294
294 663
663 294
294 805
805 294
294 965
965 294
295 369
369 295
295 846
846 295
295 994
994 295
296 305
305 296
296 389
389 296
296 582
582 296
297 628
628 297
297 640
640 297
297 781
781 297
297 949
949 297
298 319
319 298
298 409
409 298
298 483
483 298
298 485
485 298
298 758
758 298
298 780
780 298
298 916
916 298
298 948
948 298
299 396
396 299
299 404
404 299
299 444
444 299
299 546
546 299
299 588
588 299
299 720
720 299
299 944
944 299
300 383
383 300
300 399
399 300
300 565
565 300
300 697
697 300
300 728
728 300
300 756
756 300
300 806
806 300
300 935
935 300
300 966
966 300
301 350
350 301
301 506
506 301
301 533
533 301
301 562
562 301
301 752
752 301
301 771
771 301
301 870
870 301
301 872
872 301
301 937
937 301
302 318
318 302
302 358
358 302
302 373
373 302
302 679
679 302
302 786
786 302
302 829
829 302
302 995
995 302
303 478
478 303
303 552
552 303
303 558
558 303
303 627
627 303
303 638
638 303
303 667
667 303
303 831
831 303
303 862
862 303
303 896
896 303
303 899
899 303
303 961
961 303
304 374
374 304
304 381
381 304
304 431
431 304
304 546
546 304
304 600
600 304
304 708
708 304
304 790
790 304
304 799
799 304
304 848
848 304
304 892
892 304
305 413
413 305
305 426
426 305
305 594
594 305
305 599
599 305
305 601
601 305
305 636
636 305
305 661
661 305
305 713
713 305
305 719
719 305
305 745
745 305
305 758
758 305
306 520
520 306
306 646
646 306
306 664
664 306
306 726
726 306
306 747
747 306
307 328
328 307
307 509
509 307
307 512
512 307
307 576
576 307
307 652
652 307
307 922
922 307
308 359
359 308
308 478
478 308
308 627
627 308
308 648
648 308
308 779
779 308
308 820
820 308
309 328
328 309
309 563
563 309
309 678
678 309
309 847
847 309
309 871
871 309
309 947
947 309
309 963
963 309
309 975
975 309
310 349
349 310
310 526
526 310
310 591
591 310
310 629
629 310
310 658
658 310
310 722
722 310
310 902
902 310
310 948
948 310
310 953
953 310
311 315
315 311
311 796
796 311
311 884
884 311
312 517
517 312
312 526
526 312
312 533
533 312
312 559
559 312
312 595
595 312
312 643
643 312
312 704
704 312
312 756
756 312
312 826
826 312
312 978
978 312
313 329
329 313
313 508
508 313
313 548
548 313
313 556
556 313
313 589
589 313
313 647
647 313
313 944
944 313
314 347
347 314
314 478
478 314
314 560
560 314
314 648
648 314
315 382
382 315
315 403
403 315
315 418
418 315
315 502
502 315
315 624
624 315
315 687
687 315
315 950
950 315
315 976
976 315
316 349
349 316
316 369
369 316
316 391
391 316
316 596
596 316
316 629
629 316
316 775
775 316
316 928
928 316
317 355
355 317
317 442
442 317
317 669
669 317
317 713
713 317
317 768
768 317
317 769
769 317
317 776
776 317
317 940
940 317
317 977
977 317
318 331
331 318
318 358
358 318
318 370
370 318
318 397
397 318
318 488
488 318
318 656
656 318
318 666
666 318
319 362
362 319
319 454
454 319
319 457
457 319
319 693
693 319
319 772
772 319
320 333
333 320
320 381
381 320
320 462
462 320
320 556
556 320
320 642
642 320
320 774
774 320
320 798
798 320
320 845
845 320
320 928
928 320
320 973
973 320
320 986
986 320
321 373
373 321
321 472
472 321
321 514
514 321
321 521
521 321
321 817
817 321
321 825
825 321
322 591
591 322
322 605
605 322
322 667
667 322
322 671
671 322
322 782
782 322
322 820
820 322
322 842
842 322
322 876
876 322
323 327
327 323
323 357
357 323
323 452
452 323
323 503
503 323
323 553
553 323
323 602
602 323
323 609
609 323
323 967
967 323
324 477
477 324
324 535
535 324
324 571
571 324
324 891
891 324
324 984
984 324
325 335
335 325
325 347
347 325
325 431
431 325
325 782
782 325
325 794
794 325
325 813
813 325
325 815
815 325
325 967
967 325
326 370
370 326
326 503
503 326
326 543
543 326
326 562
562 326
326 582
582 326
326 788
788 326
326 805
805 326
326 864
864 326
327 380
380 327
327 456
456 327
327 469
469 327
327 520
520 327
327 607
607 327
327 652
652 327
327 676
676 327
328 456
456 328
328 553
553 328
328 592
592 328
328 767
767 328
328 807
807 328
328 822
822 328
329 441
441 329
329 464
464 329
329 607
607 329
329 747
747 329
329 763
763 329
329 807
807 329
329 882
882 329
329 947
947 329
330 555
555 330
330 576
576 330
330 633
633 330
330 745
745 330
330 789
789 330
330 838
838 330
331 394
394 331
331 499
499 331
331 692
692 331
331 694
694 331
331 718
718 331
331 747
747 331
331 798
798 331
331 843
843 331
331 851
851 331
331 973
973 331
332 351
351 332
332 526
526 332
332 842
842 332
332 902
902 332
333 335
335 333
333 359
359 333
333 414
414 333
333 549
549 333
333 588
588 333
333 642
642 333
333 815
815 333
333 948
948 333
333 960
960 333
334 353
353 334
334 554
554 334
334 615
615 334
334 644
644 334
334 785
785 334
334 835
835 334
334 978
978 334
335 339
339 335
335 489
489 335
335 565
565 335
335 567
567 335
335 628
628 335
335 644
644 335
335 800
800 335
335 847
847 335
336 411
411 336
336 423
423 336
336 459
459 336
336 595
595 336
336 734
734 336
336 836
836 336
336 970
970 336
337 341
341 337
337 509
509 337
337 566
566 337
337 613
613 337
337 630
630 337
337 764
764 337
337 844
844 337
337 894
894 337
337 899
899 337
337 907
907 337
337 950
950 337
338 401
401 338
338 419
419 338
338 630
630 338
338 712
712 338
338 797
797 338
338 816
816 338
338 885
885 338
338 912
912 338
339 438
438 339
339 732
732 339
339 884
884 339
339 943
943 339
339 974
974 339
340 406
406 340
340 475
475 340
340 486
486 340
340 774
774 340
340 829
829 340
340 849
849 340
340 973
973 340
341 379
379 341
341 522
522 341
341 735
735 341
341 815
815 341
341 880
880 341
341 946
946 341
342 380
380 342
342 439
439 342
342 472
472 342
342 511
511 342
342 577
577 342
342 606
606 342
342 663
663 342
342 747
747 342
342 796
796 342
342 898
898 342
343 423
423 343
343 429
429 343
343 467
467 343
343 469
469 343
343 488
488 343
343 515
515 343
343 611
611 343
343 626
626 343
343 667
667 343
343 678
678 343
343 696
696 343
343 750
750 343
343 860
860 343
343 981
981 343
344 738
738 344
344 844
844 344
344 853
853 344
344 898
898 344
345 373
373 345
345 407
407 345
345 525
525 345
345 791
791 345
345 920
920 345
346 422
422 346
346 431
431 346
346 491
491 346
346 764
764 346
346 792
792 346
346 865
865 346
347 475
475 347
347 554
554 347
347 566
566 347
347 580
580 347
347 604
604 347
347 736
736 347
347 824
824 347
347 859
859 347
347 875
875 347
347 980
980 347
348 403
403 348
348 497
497 348
348 758
758 348
348 761
761 348
348 813
813 348
349 612
612 349
349 693
693 349
349 793
793 349
350 615
615 350
350 679
679 350
350 792
792 350
350 900
900 350
350 916
916 350
351 475
475 351
351 485
485 351
351 680
680 351
351 808
808 351
351 985
985 351
352 353
353 352
352 567
567 352
352 577
577 352
352 605
605 352
352 662
662 352
352 821
821 352
353 421
421 353
353 590
590 353
353 760
760 353
353 820
820 353
353 833
833 353
353 937
937 353
354 460
460 354
354 495
495 354
354 633
633 354
354 677
677 354
354 765
765 354
354 785
785 354
355 389
389 355
355 579
579 355
355 640
640 355
355 785
785 355
355 831
831 355
355 834
834 355
356 449
449 356
356 544
544 356
356 570
570 356
356 608
608 356
356 779
779 356
356 871
871 356
356 970
970 356
357 446
446 357
357 538
538 357
357 582
582 357
357 844
844 357
358 363
363 358
358 434
434 358
358 555
555 358
358 688
688 358
358 800
800 358
358 910
910 358
359 520
520 359
359 545
545 359
359 617
617 359
359 785
785 359
359 796
796 359
359 806
806 359
359 970
970 359
360 484
484 360
360 669
669 360
360 709
709 360
360 733
733 360
360 827
827 360
360 989
989 360
361 393
393 361
361 403
403 361
361 620
620 361
361 647
647 361
361 700
700 361
362 363
363 362
362 392
392 362
362 609
609 362
362 703
703 362
362 752
752 362
362 841
841 362
363 477
477 363
363 709
709 363
363 721
721 363
363 723
723 363
363 841
841 363
364 470
470 364
364 644
644 364
364 707
707 364
364 749
749 364
364 828
828 364
364 939
939 364
364 947
947 364
365 452
452 365
365 559
559 365
365 630
630 365
365 631
631 365
365 788
788 365
365 977
977 365
366 420
420 366
366 479
479 366
366 516
516 366
366 615
615 366
366 715
715 366
367 376
376 367
367 539
539 367
367 575
575 367
367 647
647 367
367 653
653 367
367 782
782 367
368 396
396 368
368 571
571 368
368 665
665 368
368 679
679 368
368 721
721 368
368 752
752 368
368 765
765 368
368 833
833 368
368 897
897 368
368 946
946 368
368 962
962 368
369 491
491 369
369 608
608 369
369 628
628 369
369 708
708 369
369 713
713 369
369 731
731 369
369 819
819 369
369 868
868 369
369 880
880 369
370 418
418 370
370 421
421 370
370 548
548 370
370 564
564 370
370 605
605 370
370 917
917 370
370 931
931 370
371 470
470 371
371 725
725 371
371 805
805 371
371 876
876 371
372 491
491 372
372 511
511 372
372 550
550 372
372 556
556 372
372 571
571 372
372 734
734 372
372 900
900 372
372 956
956 372
373 518
518 373
373 541
541 373
373 587
587 373
373 670
670 373
373 679
679 373
373 681
681 373
373 744
744 373
373 828
828 373
373 881
881 373
373 989
989 373
373 997
997 373
374 719
719 374
374 771
771 374
374 932
932 374
375 397
397 375
375 472
472 375
375 515
515 375
375 519
519 375
375 583
583 375
375 629
629 375
375 658
658 375
375 679
679 375
376 456
456 376
376 523
523 376
376 631
631 376
376 633
633 376
376 679
679 376
376 684
684 376
376 720
720 376
376 773
773 376
376 788
788 376
376 832
832 376
376 993
993 376
377 410
410 377
377 510
510 377
377 523
523 377
377 723
723 377
377 738
738 377
377 857
857 377
377 869
869 377
378 450
450 378
378 618
618 378
378 653
653 378
378 727
727 378
378 736
736 378
378 755
755 378
378 775
775 378
378 893
893 378
379 420
420 379
379 426
426 379
379 453
453 379
379 473
473 379
379 569
569 379
379 616
616 379
379 699
699 379
379 951
951 379
379 971
971 379
380 530
530 380
380 699
699 380
380 773
773 380
380 816
816 380
380 995
995 380
381 387
387 381
381 444
444 381
381 658
658 381
381 726
726 381
381 974
974 381
382 613
613 382
382 634
634 382
382 727
727 382
382 872
872 382
382 882
882 382
382 888
888 382
382 890
890 382
382 914
914 382
382 931
931 382
382 987
987 382
383 516
516 383
384 543
543 384
384 661
661 384
384 709
709 384
384 712
712 384
384 714
714 384
384 767
767 384
384 855
855 384
384 975
975 384
385 443
443 385
385 550
550 385
385 693
693 385
385 718
718 385
385 754
754 385
385 955
955 385
386 515
515 386
386 656
656 386
386 682
682 386
386 723
723 386
386 904
904 386
386 945
945 386
387 406
406 387
387 593
593 387
387 733
733 387
387 743
743 387
387 874
874 387
388 389
389 388
388 424
424 388
388 546
546 388
388 680
680 388
388 685
685 388
388 888
888 388
388 945
945 388
388 992
992 388
389 428
428 389
389 517
517 389
389 540
540 389
389 619
619 389
389 727
727 389
389 804
804 389
389 806
806 389
390 471
471 390
390 504
504 390
390 512
512 390
390 654
654 390
390 905
905 390
390 931
931 390
390 974
974 390
390 993
993 390
391 664
664 391
391 938
938 391
391 939
939 391
392 633
633 392
392 662
662 392
392 663
663 392
392 706
706 392
392 711
711 392
392 832
832 392
392 955
955 392
392 967
967 392
393 468
468 393
393 638
638 393
393 777
777 393
393 823
823 393
394 426
426 394
394 430
430 394
394 482
482 394
394 568
568 394
394 674
674 394
394 938
938 394
394 949
949 394
394 973
973 394
395 571
571 395
395 865
865 395
395 960
960 395
396 483
483 396
396 788
788 396
397 546
546 397
397 900
900 397
397 918
918 397
398 590
590 398
398 744
744 398
398 787
787 398
398 813
813 398
398 853
853 398
398 955
955 398
399 404
404 399
399 702
702 399
399 719
719 399
399 763
763 399
399 787
787 399
399 890
890 399
399 961
961 399
400 619
619 400
400 652
652 400
400 748
748 400
400 750
750 400
400 913
913 400
401 416
416 401
401 481
481 401
401 506
506 401
401 868
868 401
401 970
970 401
402 432
432 402
402 529
529 402
402 625
625 402
402 677
677 402
402 788
788 402
402 913
913 402
402 974
974 402
403 414
414 403
403 563
563 403
403 712
712 403
403 737
737 403
403 842
842 403
403 917
917 403
403 977
977 403
403 994
994 403
404 410
410 404
404 411
411 404
404 446
446 404
404 474
474 404
404 515
515 404
404 751
751 404
404 755
755 404
405 436
436 405
405 485
485 405
405 494
494 405
405 543
543 405
405 562
562 405
405 634
634 405
405 637
637 405
405 642
642 405
405 731
731 405
405 751
751 405
405 773
773 405
405 800
800 405
405 809
809 405
405 822
822 405
405 904
904 405
406 439
439 406
406 491
491 406
406 866
866 406
406 871
871 406
406 881
881 406
406 989
989 406
407 952
952 407
408 467
467 408
408 585
585 408
408 618
618 408
408 750
750 408
409 731
731 409
409 952
952 409
410 429
429 410
410 475
475 410
410 526
526 410
410 537
537 410
410 570
570 410
410 817
817 410
410 861
861 410
410 935
935 410
410 988
988 410
411 413
413 411
411 433
433 411
411 644
644 411
411 930
930 411
411 974
974 411
412 431
431 412
412 484
484 412
412 532
532 412
412 589
589 412
412 668
668 412
412 780
780 412
412 790
790 412
412 820
820 412
412 887
887 412
413 434
434 413
413 457
457 413
413 674
674 413
413 703
703 413
413 704
704 413
413 786
786 413
413 974
974 413
414 453
453 414
414 456
456 414
414 503
503 414
414 648
648 414
414 853
853 414
415 433
433 415
415 466
466 415
415 527
527 415
415 895
895 415
415 920
920 415
416 514
514 416
416 571
571 416
416 649
649 416
416 754
754 416
416 828
828 416
416 883
883 416
416 887
887 416
416 957
957 416
416 969
969 416
417 480
480 417
417 513
513 417
417 638
638 417
417 802
802 417
418 539
539 418
418 650
650 418
419 429
429 419
419 433
433 419
419 447
447 419
419 612
612 419
419 642
642 419
419 701
701 419
419 852
852 419
419 902
902 419
420 869
869 420
420 885
885 420
420 936
936 420
421 448
448 421
421 562
562 421
421 567
567 421
421 731
731 421
421 741
741 421
421 766
766 421
421 939
939 421
422 584
584 422
422 600
600 422
422 612
612 422
422 791
791 422
422 976
976 422
423 439
439 423
423 515
515 423
423 526
526 423
423 547
547 423
423 550
550 423
423 636
636 423
423 725
725 423
423 769
769 423
423 841
841 423
423 854
854 423
423 906
906 423
423 912
912 423
424 707
707 424
424 722
722 424
424 860
860 424
424 875
875 424
424 947
947 424
425 438
438 425
425 442
442 425
425 460
460 425
425 471
471 425
425 516
516 425
425 623
623 425
425 765
765 425
425 929
929 425
425 998
998 425
426 641
641 426
426 736
736 426
426 883
883 426
427 545
545 427
427 720
720 427
427 797
797 427
428 901
901 428
429 474
474 429
429 483
483 429
429 999
999 429
430 546
546 430
430 561
561 430
430 645
645 430
430 724
724 430
430 791
791 430
430 933
933 430
431 747
747 431
431 829
829 431
431 848
848 431
431 921
921 431
432 525
525 432
432 639
639 432
432 642
642 432
432 829
829 432
432 859
859 432
432 983
983 432
433 656
656 433
433 737
737 433
433 895
895 433
433 975
975 433
434 618
618 434
435 450
450 435
435 489
489 435
435 582
582 435
435 695
695 435
435 979
979 435
436 603
603 436
436 609
609 436
436 619
619 436
436 666
666 436
436 781
781 436
436 950
950 436
437 541
541 437
437 651
651 437
437 942
942 437
437 952
952 437
438 474
474 438
438 623
623 438
438 693
693 438
438 806
806 438
438 885
885 438
438 914
914 438
439 555
555 439
439 971
971 439
440 502
502 440
440 503
503 440
440 608
608 440
440 731
731 440
441 481
481 441
441 504
504 441
441 602
602 441
441 659
659 441
441 671
671 441
441 937
937 441
441 974
974 441
442 583
583 442
442 644
644 442
442 703
703 442
442 804
804 442
442 974
974 442
443 616
616 443
443 772
772 443
443 943
943 443
444 476
476 444
444 585
585 444
444 591
591 444
444 841
841 444
444 878
878 444
444 881
881 444
444 915
915 444
444 934
934 444
444 961
961 444
444 980
980 444
444 996
996 444
445 507
507 445
445 512
512 445
446 494
494 446
446 821
821 446
446 862
862 446
446 944
944 446
447 473
473 447
447 509
509 447
447 546
546 447
447 626
626 447
447 675
675 447
447 812
812 447
447 847
847 447
447 916
916 447
447 918
918 447
447 936
936 447
447 953
953 447
447 969
969 447
448 460
460 448
448 462
462 448
448 512
512 448
448 543
543 448
448 544
544 448
448 593
593 448
448 613
613 448
448 624
624 448
448 753
753 448
448 941
941 448
449 459
459 449
449 663
663 449
449 702
702 449
449 759
759 449
449 905
905 449
450 530
530 450
450 542
542 450
450 560
560 450
450 633
633 450
450 709
709 450
450 749
749 450
450 884
884 450
451 650
650 451
451 685
685 451
451 688
688 451
451 781
781 451
452 471
471 452
452 601
601 452
452 626
626 452
452 716
716 452
452 751
751 452
452 836
836 452
452 854
854 452
452 857
857 452
452 892
892 452
452 908
908 452
452 919
919 452
453 525
525 453
453 542
542 453
453 546
546 453
453 583
583 453
453 600
600 453
453 604
604 453
453 948
948 453
454 502
502 454
454 553
553 454
454 794
794 454
454 808
808 454
454 886
886 454
455 484
484 455
455 832
832 455
455 931
931 455
456 507
507 456
456 521
521 456
456 546
546 456
456 708
708 456
456 862
862 456
456 992
992 456
457 484
484 457
457 519
519 457
457 722
722 457
457 769
769 457
457 775
775 457
457 784
784 457
457 794
794 457
457 795
795 457
457 807
807 457
457 855
855 457
457 922
922 457
458 493
493 458
458 530
530 458
458 534
534 458
458 605
605 458
458 618
618 458
458 782
782 458
458 821
821 458
458 828
828 458
458 936
936 458
458 980
980 458
459 512
512 459
459 523
523 459
459 570
570 459
459 717
717 459
459 746
746 459
460 528
528 460
460 635
635 460
460 667
667 460
460 749
749 460
460 754
754 460
460 787
787 460
460 809
809 460
460 845
845 460
460 870
870 460
461 715
715 461
461 738
738 461
461 851
851 461
461 928
928 461
461 974
974 461
461 983
983 461
462 469
469 462
462 630
630 462
462 734
734 462
462 902
902 462
462 931
931 462
463 584
584 463
463 600
600 463
463 665
665 463
463 780
780 463
463 801
801 463
463 937
937 463
464 520
520 464
464 737
737 464
464 860
860 464
464 878
878 464
464 924
924 464
465 488
488 465
465 577
577 465
465 726
726 465
465 798
798 465
465 872
872 465
466 639
639 466
466 679
679 466
466 813
813 466
466 874
874 466
466 883
883 466
466 914
914 466
467 477
477 467
467 485
485 467
467 503
503 467
467 535
535 467
467 733
733 467
467 899
899 467
467 929
929 467
468 469
469 468
468 479
479 468
468 765
765 468
468 816
816 468
468 834
834 468
468 926
926 468
468 951
951 468
468 966
966 468
469 489
489 469
469 976
976 469
470 507
507 470
470 542
542 470
470 568
568 470
470 573
573 470
470 645
645 470
470 659
659 470
470 704
704 470
470 858
858 470
470 862
862 470
470 882
882 470
470 890
890 470
471 559
559 471
471 888
888 471
472 520
520 472
472 573
573 472
472 575
575 472
472 685
685 472
472 872
872 472
472 921
921 472
472 922
922 472
472 968
968 472
473 641
641 473
473 662
662 473
473 963
963 473
474 710
710 474
474 740
740 474
474 908
908 474
474 929
929 474
474 946
946 474
474 989
989 474
476 515
515 476
477 699
699 477
477 802
802 477
477 820
820 477
477 882
882 477
478 552
552 478
478 654
654 478
478 701
701 478
478 706
706 478
478 743
743 478
478 755
755 478
478 919
919 478
478 980
980 478
479 516
516 479
479 631
631 479
479 855
855 479
479 939
939 479
480 577
577 480
480 686
686 480
480 729
729 480
480 890
890 480
481 523
523 481
481 605
605 481
481 636
636 481
481 930
930 481
482 814
814 482
482 855
855 482
482 925
925 482
483 684
684 483
484 630
630 484
484 686
686 484
484 690
690 484
484 747
747 484
484 774
774 484
484 879
879 484
485 512
512 485
485 760
760 485
486 515
515 486
486 668
668 486
486 672
672 486
486 686
686 486
486 703
703 486
486 905
905 486
486 922
922 486
486 971
971 486
487 622
622 487
487 636
636 487
487 676
676 487
488 571
571 488
488 608
608 488
489 557
557 489
489 584
584 489
489 784
784 489
489 993
993 489
490 516
516 490
490 879
879 490
490 938
938 490
491 709
709 491
491 863
863 491
492 596
596 492
492 651
651 492
492 713
713 492
492 742
742 492
492 821
821 492
492 869
869 492
492 942
942 492
492 986
986 492
493 662
662 493
494 525
525 494
494 577
577 494
494 780
780 494
494 840
840 494
495 561
561 495
495 596
596 495
495 600
600 495
495 658
658 495
495 709
709 495
495 857
857 495
496 511
511 496
496 629
629 496
496 876
876 496
496 888
888 496
496 972
972 496
497 531
531 497
497 537
537 497
497 566
566 497
497 713
713 497
497 936
936 497
498 559
559 498
498 605
605 498
498 720
720 498
498 805
805 498
498 840
840 498
498 868
868 498
499 568
568 499
499 647
647 499
499 659
659 499
499 967
967 499
500 508
508 500
500 515
515 500
500 585
585 500
500 752
752 500
500 776
776 500
501 588
588 501
501 650
650 501
501 690
690 501
501 734
734 501
501 955
955 501
502 510
510 502
502 609
609 502
502 617
617 502
502 622
622 502
502 734
734 502
502 950
950 502
502 974
974 502
503 519
519 503
503 562
562 503
503 584
584 503
503 696
696 503
504 536
536 504
504 750
750 504
504 959
959 504
506 543
543 506
506 718
718 506
506 813
813 506
507 545
545 507
507 617
617 507
507 686
686 507
507 784
784 507
507 850
850 507
508 549
549 508
508 602
602 508
508 629
629 508
508 676
676 508
508 802
802 508
508 901
901 508
508 963
963 508
509 699
699 509
509 731
731 509
509 829
829 509
509 875
875 509
509 909
909 509
509 962
962 509
510 518
518 510
510 643
643 510
510 709
709 510
510 732
732 510
510 897
897 510
511 568
568 511
511 891
891 511
512 858
858 512
512 923
923 512
513 552
552 513
513 566
566 513
513 574
574 513
513 582
582 513
513 776
776 513
513 867
867 513
514 582
582 514
514 735
735 514
514 765
765 514
514 783
783 514
514 935
935 514
515 656
656 515
515 688
688 515
515 788
788 515
515 944
944 515
515 980
980 515
516 535
535 516
516 567
567 516
516 715
715 516
516 854
854 516
516 938
938 516
517 532
532 517
517 609
609 517
517 710
710 517
517 826
826 517
517 958
958 517
517 977
977 517
518 857
857 518
518 948
948 518
519 523
523 519
519 656
656 519
519 718
718 519
519 766
766 519
519 834
834 519
520 550
550 520
520 713
713 520
520 742
742 520
520 787
787 520
520 823
823 520
520 843
843 520
520 859
859 520
520 904
904 520
521 738
738 521
521 777
777 521
521 855
855 521
521 876
876 521
521 918
918 521
521 942
942 521
521 982
982 521
522 543
543 522
522 583
583 522
522 649
649 522
522 711
711 522
522 720
720 522
522 792
792 522
522 861
861 522
523 584
584 523
523 596
596 523
523 663
663 523
523 856
856 523
524 615
615 524
524 646
646 524
524 718
718 524
524 828
828 524
524 911
911 524
524 921
921 524
525 541
541 525
525 563
563 525
525 629
629 525
525 702
702 525
525 764
764 525
525 808
808 525
525 820
820 525
525 823
823 525
525 902
902 525
525 924
924 525
525 947
947 525
526 636
636 526
526 996
996 526
527 562
562 527
527 789
789 527
527 841
841 527
527 912
912 527
528 632
632 528
528 668
668 528
528 945
945 528
528 968
968 528
529 670
670 529
529 683
683 529
529 984
984 529
530 560
560 530
530 704
704 530
530 740
740 530
530 755
755 530
530 823
823 530
530 825
825 530
530 870
870 530
530 896
896 530
531 599
599 531
531 702
702 531
531 705
705 531
531 718
718 531
531 742
742 531
531 814
814 531
531 857
857 531
531 989
989 531
532 582
582 532
532 745
745 532
532 771
771 532
532 821
821 532
532 826
826 532
533 586
586 533
533 705
705 533
533 709
709 533
533 712
712 533
533 838
838 533
533 916
916 533
533 985
985 533
534 947
947 534
534 975
975 534
535 634
634 535
535 660
660 535
535 712
712 535
535 822
822 535
535 934
934 535
535 936
936 535
535 962
962 535
536 550
550 536
536 596
596 536
536 603
603 536
536 630
630 536
536 640
640 536
536 839
839 536
537 811
811 537
538 860
860 538
538 901
901 538
539 625
625 539
539 635
635 539
539 733
733 539
539 925
925 539
539 973
973 539
540 625
625 540
540 928
928 540
540 999
999 540
541 750
750 541
541 952
952 541
542 629
629 542
542 726
726 542
542 740
740 542
542 759
759 542
542 893
893 542
543 618
618 543
543 628
628 543
543 747
747 543
543 812
812 543
543 934
934 543
543 944
944 543
543 964
964 543
544 662
662 544
544 691
691 544
544 760
760 544
544 776
776 544
544 800
800 544
544 838
838 544
545 747
747 545
545 795
795 545
545 851
851 545
545 930
930 545
546 659
659 546
546 701
701 546
546 840
840 546
546 872
872 546
546 945
945 546
547 548
548 547
547 594
594 547
547 775
775 547
547 937
937 547
548 593
593 548
548 683
683 548
548 848
848 548
548 888
888 548
549 576
576 549
549 598
598 549
549 815
815 549
549 822
822 549
549 838
838 549
549 899
899 549
550 551
551 550
550 553
553 550
550 557
557 550
550 640
640 550
550 757
757 550
550 793
793 550
550 836
836 550
550 876
876 550
550 886
886 550
551 619
619 551
551 623
623 551
551 736
736 551
551 980
980 551
552 662
662 552
552 786
786 552
552 972
972 552
553 880
880 553
553 959
959 553
553 978
978 553
554 814
814 554
554 906
906 554
554 907
907 554
554 937
937 554
554 968
968 554
555 629
629 555
556 682
682 556
556 943
943 556
556 948
948 556
557 568
568 557
557 587
587 557
557 621
621 557
557 821
821 557
557 945
945 557
557 966
966 557
558 708
708 558
558 750
750 558
558 876
876 558
559 780
780 559
559 851
851 559
560 568
568 560
561 569
569 561
562 628
628 562
562 755
755 562
562 764
764 562
562 861
861 562
563 658
658 563
563 934
934 563
564 613
613 564
564 725
725 564
564 738
738 564
564 759
759 564
564 782
782 564
564 872
872 564
565 652
652 565
565 959
959 565
566 643
643 566
566 698
698 566
566 715
715 566
566 731
731 566
566 956
956 566
567 640
640 567
567 657
657 567
567 852
852 567
567 942
942 567
568 579
579 568
568 698
698 568
568 715
715 568
568 765
765 568
568 800
800 568
568 950
950 568
568 961
961 568
569 699
699 569
569 721
721 569
569 729
729 569
569 856
856 569
570 890
890 570
570 977
977 570
570 987
987 570
571 759
759 571
571 895
895 571
572 725
725 572
572 731
731 572
572 734
734 572
572 753
753 572
572 770
770 572
572 804
804 572
572 809
809 572
572 834
834 572
572 882
882 572
572 927
927 572
572 928
928 572
572 939
939 572
572 944
944 572
572 982
982 572
573 576
576 573
573 728
728 573
573 754
754 573
573 878
878 573
574 657
657 574
574 719
719 574
575 643
643 575
575 698
698 575
575 729
729 575
575 843
843 575
575 856
856 575
575 951
951 575
575 963
963 575
576 747
747 576
576 851
851 576
577 617
617 577
577 660
660 577
577 991
991 577
578 687
687 578
578 692
692 578
578 753
753 578
578 944
944 578
579 682
682 579
579 694
694 579
579 908
908 579
579 942
942 579
580 659
659 580
580 838
838 580
580 897
897 580
580 929
929 580
580 959
959 580
581 723
723 581
581 842
842 581
582 607
607 582
582 665
665 582
582 744
744 582
582 846
846 582
583 782
782 583
583 793
793 583
583 893
893 583
583 898
898 583
583 941
941 583
584 619
619 584
584 743
743 584
584 843
843 584
584 844
844 584
584 861
861 584
584 899
899 584
584 941
941 584
584 965
965 584
585 596
596 585
585 602
602 585
585 889
889 585
586 840
840 586
586 917
917 586
586 942
942 586
587 590
590 587
587 624
624 587
587 714
714 587
587 717
717 587
587 734
734 587
587 853
853 587
588 646
646 588
588 653
653 588
589 707
707 589
589 734
734 589
589 776
776 589
589 894
894 589
589 969
969 589
590 853
853 590
591 774
774 591
591 834
834 591
592 658
658 592
592 710
710 592
592 784
784 592
592 877
877 592
592 909
909 592
593 754
754 593
593 832
832 593
593 843
843 593
593 891
891 593
593 906
906 593
593 957
957 593
593 968
968 593
594 643
643 594
594 718
718 594
594 730
730 594
594 860
860 594
595 697
697 595
595 782
782 595
596 743
743 596
596 798
798 596
596 882
882 596
597 991
991 597
597 999
999 597
598 757
757 598
598 759
759 598
598 858
858 598
598 925
925 598
599 655
655 599
599 671
671 599
599 957
957 599
600 763
763 600
601 621
621 601
601 693
693 601
601 804
804 601
601 913
913 601
602 671
671 602
602 760
760 602
602 789
789 602
603 630
630 603
603 643
643 603
603 676
676 603
604 607
607 604
604 640
640 604
604 680
680 604
604 828
828 604
604 847
847 604
605 620
620 605
605 645
645 605
605 736
736 605
605 986
986 605
606 654
654 606
606 741
741 606
606 775
775 606
606 820
820 606
606 833
833 606
606 868
868 606
607 715
715 607
607 813
813 607
607 829
829 607
607 835
835 607
607 873
873 607
608 747
747 608
608 866
866 608
609 633
633 609
609 674
674 609
609 730
730 609
609 774
774 609
609 816
816 609
609 831
831 609
609 957
957 609
610 679
679 610
610 690
690 610
610 859
859 610
610 868
868 610
611 686
686 611
611 780
780 611
611 853
853 611
611 986
986 611
612 693
693 612
612 704
704 612
612 753
753 612
612 827
827 612
612 845
845 612
612 854
854 612
612 858
858 612
613 720
720 613
613 736
736 613
613 758
758 613
613 838
838 613
613 846
846 613
613 857
857 613
613 866
866 613
614 707
707 614
614 774
774 614
614 874
874 614
614 937
937 614
614 979
979 614
615 703
703 615
615 739
739 615
615 757
757 615
615 776
776 615
615 925
925 615
616 634
634 616
616 664
664 616
616 671
671 616
616 692
692 616
616 956
956 616
617 754
754 617
617 810
810 617
617 822
822 617
617 873
873 617
617 932
932 617
618 714
714 618
618 761
761 618
618 852
852 618
618 913
913 618
619 624
624 619
619 641
641 619
619 663
663 619
619 742
742 619
619 751
751 619
619 768
768 619
619 898
898 619
620 688
688 620
620 868
868 620
620 872
872 620
620 904
904 620
621 765
765 621
621 813
813 621
621 933
933 621
622 724
724 622
622 914
914 622
622 928
928 622
623 712
712 623
623 748
748 623
623 942
942 623
624 698
698 624
624 847
847 624
624 970
970 624
625 708
708 625
625 914
914 625
626 644
644 626
626 724
724 626
626 749
749 626
626 904
904 626
627 669
669 627
627 746
746 627
627 890
890 627
627 918
918 627
628 719
719 628
628 920
920 628
629 864
864 629
629 881
881 629
630 665
665 630
630 723
723 630
630 820
820 630
630 912
912 630
630 960
960 630
631 763
763 631
631 828
828 631
631 991
991 631
632 670
670 632
632 693
693 632
632 809
809 632
632 816
816 632
632 857
857 632
632 878
878 632
632 898
898 632
632 941
941 632
633 636
636 633
633 758
758 633
633 953
953 633
633 980
980 633
634 785
785 634
634 953
953 634
634 986
986 634
635 848
848 635
635 875
875 635
635 974
974 635
636 797
797 636
636 920
920 636
637 697
697 637
637 732
732 637
637 836
836 637
637 954
954 637
638 749
749 638
638 870
870 638
638 994
994 638
639 662
662 639
639 798
798 639
639 858
858 639
640 737
737 640
641 963
963 641
642 695
695 642
643 961
961 643
644 685
685 644
644 693
693 644
644 744
744 644
644 981
981 644
645 776
776 645
645 876
876 645
646 690
690 646
646 784
784 646
647 916
916 647
648 667
667 648
648 675
675 648
649 766
766 649
649 780
780 649
649 797
797 649
650 653
653 650
650 901
901 650
650 950
950 650
651 788
788 651
651 793
793 651
651 964
964 651
652 930
930 652
653 710
710 653
653 898
898 653
654 705
705 654
654 731
731 654
654 761
761 654
654 779
779 654
654 912
912 654
654 921
921 654
654 946
946 654
655 787
787 655
656 972
972 656
657 856
856 657
658 754
754 658
658 947
947 658
659 670
670 659
659 694
694 659
659 759
759 659
659 998
998 659
660 834
834 660
660 956
956 660
660 964
964 660
661 697
697 661
661 742
742 661
661 947
947 661
661 976
976 661
662 686
686 662
662 833
833 662
663 671
671 663
663 869
869 663
664 822
822 664
664 871
871 664
664 924
924 664
664 950
950 664
664 999
999 664
665 728
728 665
665 794
794 665
665 839
839 665
666 728
728 666
666 785
785 666
666 844
844 666
667 689
689 667
667 726
726 667
667 799
799 667
667 882
882 667
667 887
887 667
667 966
966 667
668 686
686 668
668 792
792 668
668 848
848 668
669 819
819 669
669 966
966 669
670 714
714 670
670 867
867 670
670 887
887 670
671 745
745 671
671 756
756 671
671 800
800 671
671 868
868 671
671 969
969 671
672 700
700 672
672 727
727 672
672 984
984 672
673 685
685 673
673 737
737 673
673 753
753 673
673 889
889 673
673 894
894 673
673 928
928 673
673 950
950 673
674 687
687 674
674 712
712 674
674 852
852 674
674 974
974 674
675 702
702 675
675 724
724 675
675 763
763 675
675 812
812 675
675 866
866 675
677 770
770 677
677 933
933 677
678 827
827 678
678 830
830 678
678 837
837 678
678 929
929 678
679 732
732 679
679 937
937 679
679 960
960 679
680 796
796 680
680 884
884 680
680 979
979 680
681 737
737 681
681 785
785 681
681 866
866 681
681 993
993 681
682 776
776 682
682 837
837 682
682 987
987 682
683 762
762 683
683 773
773 683
683 912
912 683
684 857
857 684
684 866
866 684
684 900
900 684
684 997
997 684
684 998
998 684
685 810
810 685
685 918
918 685
686 687
687 686
686 713
713 686
687 957
957 687
687 968
968 687
688 703
703 688
688 772
772 688
688 820
820 688
688 920
920 688
689 937
937 689
689 949
949 689
690 820
820 690
690 870
870 690
690 962
962 690
691 780
780 691
691 917
917 691
691 945
945 691
692 848
848 692
693 711
711 693
693 742
742 693
693 774
774 693
693 785
785 693
693 792
792 693
693 835
835 693
694 712
712 694
694 717
717 694
694 920
920 694
695 744
744 695
695 850
850 695
696 828
828 696
696 832
832 696
696 899
899 696
696 980
980 696
697 813
813 697
697 891
891 697
698 903
903 698
699 769
769 699
699 794
794 699
700 733
733 700
700 824
824 700
700 985
985 700
701 946
946 701
701 981
981 701
702 733
733 702
702 741
741 702
702 770
770 702
703 710
710 703
703 717
717 703
704 869
869 704
704 953
953 704
705 725
725 705
705 779
779 705
705 780
780 705
705 828
828 705
705 984
984 705
705 994
994 705
706 803
803 706
706 810
810 706
706 857
857 706
707 810
810 707
708 713
713 708
708 901
901 708
708 925
925 708
709 987
987 709
710 928
928 710
710 957
957 710
711 816
816 711
711 946
946 711
712 719
719 712
712 751
751 712
712 834
834 712
712 842
842 712
712 951
951 712
713 847
847 713
713 894
894 713
713 942
942 713
714 784
784 714
714 819
819 714
715 734
734 715
715 887
887 715
715 981
981 715
716 790
790 716
716 860
860 716
716 953
953 716
717 768
768 717
717 831
831 717
718 806
806 718
718 879
879 718
718 975
975 718
719 902
902 719
719 955
955 719
720 796
796 720
720 811
811 720
720 956
956 720
721 729
729 721
721 748
748 721
721 801
801 721
722 851
851 722
722 858
858 722
722 928
928 722
723 799
799 723
723 907
907 723
723 989
989 723
724 877
877 724
724 916
916 724
725 928
928 725
725 948
948 725
726 779
779 726
726 975
975 726
727 763
763 727
727 813
813 727
727 834
834 727
727 936
936 727
727 959
959 727
728 768
768 728
728 842
842 728
728 848
848 728
728 911
911 728
729 732
732 729
730 736
736 730
730 763
763 730
731 742
742 731
731 763
763 731
731 765
765 731
731 775
775 731
732 756
756 732
732 792
792 732
732 944
944 732
732 989
989 732
733 752
752 733
733 823
823 733
733 906
906 733
734 816
816 734
735 746
746 735
735 889
889 735
735 920
920 735
735 978
978 735
736 765
765 736
736 776
776 736
736 806
806 736
737 962
962 737
738 774
774 738
738 913
913 738
738 963
963 738
739 861
861 739
739 894
894 739
740 858
858 740
740 983
983 740
741 896
896 741
741 971
971 741
742 763
763 742
742 796
796 742
742 864
864 742
742 895
895 742
743 777
777 743
743 828
828 743
743 989
989 743
744 939
939 744
745 849
849 745
746 769
769 746
746 843
843 746
747 961
961 747
749 797
797 749
749 993
993 749
750 773
773 750
750 801
801 750
750 825
825 750
750 871
871 750
750 999
999 750
751 841
841 751
751 848
848 751
751 853
853 751
752 763
763 752
753 855
855 753
754 802
802 754
755 821
821 755
755 887
887 755
756 762
762 756
756 789
789 756
756 890
890 756
756 966
966 756
758 887
887 758
758 893
893 758
759 790
790 759
759 857
857 759
760 851
851 760
760 880
880 760
760 906
906 760
760 916
916 760
760 918
918 760
760 974
974 760
761 850
850 761
761 916
916 761
761 976
976 761
763 893
893 763
763 980
980 763
764 815
815 764
764 817
817 764
764 931
931 764
764 952
952 764
764 998
998 764
765 927
927 765
765 993
993 765
766 866
866 766
766 871
871 766
766 959
959 766
766 973
973 766
766 985
985 766
767 791
791 767
767 865
865 767
769 995
995 769
770 897
897 770
771 823
823 771
771 830
830 771
771 901
901 771
771 959
959 771
771 963
963 771
772 780
780 772
772 829
829 772
772 930
930 772
773 810
810 773
773 854
854 773
773 965
965 773
774 851
851 774
774 855
855 774
774 900
900 774
774 927
927 774
775 836
836 775
775 909
909 775
775 938
938 775
776 944
944 776
777 922
922 777
778 800
800 778
778 826
826 778
778 962
962 778
779 920
920 779
780 786
786 780
780 828
828 780
780 865
865 780
780 873
873 780
780 962
962 780
781 859
859 781
782 913
913 782
782 997
997 782
784 816
816 784
784 885
885 784
784 898
898 784
784 907
907 784
784 946
946 784
785 828
828 785
786 882
882 786
786 939
939 786
786 963
963 786
786 971
971 786
787 860
860 787
787 883
883 787
788 917
917 788
788 972
972 788
789 941
941 789
792 884
884 792
792 924
924 792
792 969
969 792
794 939
939 794
794 940
940 794
794 978
978 794
794 997
997 794
795 976
976 795
796 827
827 796
796 922
922 796
797 835
835 797
797 947
947 797
798 922
922 798
798 955
955 798
798 979
979 798
799 854
854 799
799 864
864 799
799 929
929 799
799 938
938 799
799 941
941 799
800 902
902 800
800 974
974 800
802 841
841 802
802 853
853 802
802 895
895 802
803 859
859 803
803 885
885 803
803 984
984 803
805 935
935 805
805 975
975 805
805 990
990 805
806 877
877 806
806 895
895 806
806 958
958 806
807 904
904 807
807 942
942 807
807 976
976 807
808 845
845 808
808 854
854 808
808 928
928 808
809 958
958 809
810 819
819 810
811 845
845 811
812 917
917 812
813 835
835 813
813 950
950 813
815 887
887 815
815 933
933 815
815 965
965 815
816 932
932 816
817 902
902 817
817 975
975 817
818 837
837 818
818 903
903 818
818 974
974 818
819 906
906 819
820 973
973 820
821 952
952 821
823 845
845 823
824 879
879 824
824 904
904 824
824 906
906 824
824 927
927 824
825 882
882 825
826 840
840 826
826 875
875 826
826 986
986 826
827 873
873 827
827 897
897 827
827 934
934 827
827 997
997 827
828 893
893 828
829 851
851 829
830 847
847 830
830 855
855 830
830 885
885 830
831 923
923 831
831 963
963 831
832 864
864 832
833 869
869 833
833 957
957 833
834 844
844 834
835 839
839 835
835 974
974 835
837 852
852 837
837 892
892 837
837 896
896 837
837 899
899 837
837 991
991 837
838 840
840 838
838 974
974 838
839 866
866 839
839 929
929 839
840 878
878 840
840 990
990 840
840 996
996 840
841 894
894 841
843 910
910 843
844 863
863 844
844 990
990 844
846 856
856 846
846 937
937 846
847 944
944 847
848 954
954 848
848 969
969 848
849 879
879 849
849 890
890 849
849 905
905 849
849 956
956 849
849 970
970 849
851 994
994 851
852 962
962 852
853 981
981 853
854 880
880 854
854 906
906 854
854 909
909 854
855 958
958 855
856 955
955 856
857 917
917 857
857 938
938 857
857 987
987 857
859 995
995 859
860 901
901 860
860 935
935 860
860 978
978 860
861 864
864 861
861 900
900 861
862 878
878 862
862 950
950 862
863 875
875 863
863 930
930 863
863 948
948 863
863 972
972 863
864 949
949 864
865 889
889 865
865 951
951 865
866 882
882 866
866 908
908 866
866 939
939 866
866 947
947 866
868 875
875 868
868 964
964 868
868 997
997 868
869 993
993 869
870 895
895 870
871 991
991 871
873 908
908 873
874 987
987 874
875 906
906 875
875 941
941 875
877 895
895 877
877 951
951 877
878 921
921 878
879 917
917 879
879 954
954 879
881 935
935 881
882 891
891 882
883 948
948 883
883 977
977 883
884 898
898 884
884 943
943 884
885 988
988 885
886 933
933 886
887 938
938 887
887 989
989 887
888 957
957 888
888 971
971 888
889 994
994 889
890 990
990 890
894 975
975 894
895 926
926 895
896 962
962 896
899 975
975 899
899 976
976 899
899 985
985 899
900 993
993 900
901 913
913 901
901 986
986 901
903 911
911 903
905 914
914 905
905 935
935 905
905 944
944 905
905 983
983 905
905 999
999 905
909 938
938 909
909 940
940 909
909 990
990 909
912 961
961 912
912 967
967 912
913 920
920 913
913 954
954 913
915 932
932 915
915 980
980 915
916 928
928 916
916 991
991 916
917 999
999 917
919 935
935 919
919 937
937 919
921 928
928 921
922 946
946 922
922 950
950 922
922 973
973 922
923 965
965 923
923 991
991 923
930 952
952 930
931 980
980 931
931 990
990 931
932 956
956 932
934 962
962 934
937 939
939 937
939 985
985 939
940 976
976 940
942 998
998 942
944 961
961 944
944 985
985 944
945 956
956 945
947 964
964 947
953 971
971 953
953 982
982 953
956 968
968 956
959 982
982 959
964 976
976 964
968 988
988 968
969 987
987 969
969 994
994 969
972 978
978 972
975 997
997 975
976 995
995 976
981 989
989 981
